351 351
1.00000000 0.00000000 60.00000000 0.00000000
0.99983887 0.01795099 59.99033208 1.07705963
0.99935552 0.03589620 59.96133142 2.15377216
0.99855012 0.05382984 59.91300737 3.22979060
0.99742293 0.07174614 59.84537552 4.30476821
0.99597429 0.08963931 59.75845764 5.37835853
0.99420470 0.10750359 59.65228175 6.45021561
0.99211470 0.12533323 59.52688208 7.51999401
0.98970498 0.14312248 59.38229902 8.58734899
0.98697632 0.16086561 59.21857918 9.65193658
0.98392959 0.17855689 59.03577532 10.71341369
0.98056577 0.19619064 58.83394634 11.77143825
0.97688595 0.21376115 58.61315729 12.82566930
0.97289132 0.23126278 58.37347932 13.87576710
0.96858316 0.24868989 58.11498967 14.92139323
0.96396286 0.26603685 57.83777164 15.96221073
0.95903191 0.28329807 57.54191458 16.99788419
0.95379190 0.30046800 57.22751381 18.02807984
0.94824451 0.31754109 56.89467068 19.05246568
0.94239154 0.33451186 56.54349243 20.07071160
0.93623487 0.35137482 56.17409224 21.08248944
0.92977649 0.36812455 55.78658915 22.08747316
0.92301847 0.38475565 55.38110805 23.08533888
0.91596299 0.40126275 54.95777960 24.07576502
0.90861234 0.41764054 54.51674023 25.05843240
0.90096887 0.43388374 54.05813207 26.03302435
0.89303505 0.44998711 53.58210292 26.99922679
0.88481344 0.46594547 53.08880617 27.95672834
0.87630668 0.48175367 52.57840080 28.90522045
0.86751752 0.49740662 52.05105130 29.84439743
0.85844879 0.51289928 51.50692762 30.77395664
0.84910342 0.52822664 50.94620509 31.69359851
0.83948441 0.54338378 50.36906444 32.60302667
0.82959486 0.55836580 49.77569163 33.50194804
0.81943797 0.57316788 49.16627791 34.39007293
0.80901699 0.58778525 48.54101966 35.26711514
0.79833531 0.60221320 47.90011838 36.13279202
0.78739634 0.61644708 47.24378061 36.98682459
0.77620363 0.63048229 46.57221786 37.82893764
0.76476078 0.64431433 45.88564656 38.65885978
0.75307147 0.65793873 45.18428796 39.47632356
0.74113947 0.67135109 44.46836808 40.28106553
0.72896863 0.68454711 43.73811765 41.07282636
0.71656287 0.69752251 42.99377198 41.85135088
0.70392618 0.71027314 42.23557096 42.61638822
0.69106265 0.72279486 41.46375894 43.36769183
0.67797641 0.73508366 40.67858463 44.10501958
0.66467168 0.74713556 39.88030107 44.82813387
0.65115276 0.75894669 39.06916552 45.53680166
0.63742399 0.77051324 38.24543938 46.23079457
0.62348980 0.78183148 37.40938811 46.90988895
0.60935469 0.79289777 36.56128113 47.57386595
0.59502320 0.80370853 35.70139177 48.22251161
0.58049995 0.81426028 34.82999712 48.85561688
0.56578963 0.82454963 33.94737801 49.47297773
0.55089698 0.83457325 33.05381889 50.07439522
0.53582679 0.84432793 32.14960770 50.65967553
0.52058393 0.85381050 31.23503584 51.22863004
0.50517330 0.86301792 30.31039806 51.78107540
0.48959987 0.87194723 29.37599232 52.31683358
0.47386866 0.88059553 28.43211975 52.83573191
0.45798474 0.88896005 27.47908453 53.33760319
0.44195323 0.89703809 26.51719378 53.82228566
0.42577929 0.90482705 25.54675749 54.28962315
0.40946814 0.91232442 24.56808840 54.73946503
0.39302503 0.91952777 23.58150190 55.17166635
0.37645527 0.92643480 22.58731592 55.58608782
0.35976418 0.93304326 21.58585086 55.98259589
0.34295716 0.93935105 20.57742946 56.36106277
0.32603961 0.94535611 19.56237669 56.72136651
0.30901699 0.95105652 18.54101966 57.06339098
0.29189479 0.95645043 17.51368753 57.38702596
0.27467852 0.96153612 16.48071137 57.69216717
0.25737373 0.96631194 15.44242406 57.97871626
0.23998600 0.97077635 14.39916022 58.24658089
0.22252093 0.97492791 13.35125604 58.49567473
0.20498415 0.97876529 12.29904923 58.72591752
0.18738131 0.98228725 11.24287888 58.93723504
0.16971809 0.98549265 10.18308535 59.12955921
0.15200017 0.98838047 9.12001017 59.30282805
0.13423327 0.99094976 8.05399595 59.45698571
0.11642310 0.99319971 6.98538621 59.59198251
0.09857542 0.99512958 5.91452533 59.70777496
0.08069597 0.99673876 4.84175841 59.80432573
0.06279052 0.99802673 3.76743117 59.88160371
0.04486483 0.99899307 2.69188982 59.93958399
0.02692468 0.99963747 1.61548097 59.97824790
0.00897586 0.99995972 0.53855151 59.99758297
-0.00897586 0.99995972 -0.53855151 59.99758297
-0.02692468 0.99963747 -1.61548097 59.97824790
-0.04486483 0.99899307 -2.69188982 59.93958399
-0.06279052 0.99802673 -3.76743117 59.88160371
-0.08069597 0.99673876 -4.84175841 59.80432573
-0.09857542 0.99512958 -5.91452533 59.70777496
-0.11642310 0.99319971 -6.98538621 59.59198251
-0.13423327 0.99094976 -8.05399595 59.45698571
-0.15200017 0.98838047 -9.12001017 59.30282805
-0.16971809 0.98549265 -10.18308535 59.12955921
-0.18738131 0.98228725 -11.24287888 58.93723504
-0.20498415 0.97876529 -12.29904923 58.72591752
-0.22252093 0.97492791 -13.35125604 58.49567473
-0.23998600 0.97077635 -14.39916022 58.24658089
-0.25737373 0.96631194 -15.44242406 57.97871626
-0.27467852 0.96153612 -16.48071137 57.69216717
-0.29189479 0.95645043 -17.51368753 57.38702596
-0.30901699 0.95105652 -18.54101966 57.06339098
-0.32603961 0.94535611 -19.56237669 56.72136651
-0.34295716 0.93935105 -20.57742946 56.36106277
-0.35976418 0.93304326 -21.58585086 55.98259589
-0.37645527 0.92643480 -22.58731592 55.58608782
-0.39302503 0.91952777 -23.58150190 55.17166635
-0.40946814 0.91232442 -24.56808840 54.73946503
-0.42577929 0.90482705 -25.54675749 54.28962315
-0.44195323 0.89703809 -26.51719378 53.82228566
-0.45798474 0.88896005 -27.47908453 53.33760319
-0.47386866 0.88059553 -28.43211975 52.83573191
-0.48959987 0.87194723 -29.37599232 52.31683358
-0.50517330 0.86301792 -30.31039806 51.78107540
-0.52058393 0.85381050 -31.23503584 51.22863004
-0.53582679 0.84432793 -32.14960770 50.65967553
-0.55089698 0.83457325 -33.05381889 50.07439522
-0.56578963 0.82454963 -33.94737801 49.47297773
-0.58049995 0.81426028 -34.82999712 48.85561688
-0.59502320 0.80370853 -35.70139177 48.22251161
-0.60935469 0.79289777 -36.56128113 47.57386595
-0.62348980 0.78183148 -37.40938811 46.90988895
-0.63742399 0.77051324 -38.24543938 46.23079457
-0.65115276 0.75894669 -39.06916552 45.53680166
-0.66467168 0.74713556 -39.88030107 44.82813387
-0.67797641 0.73508366 -40.67858463 44.10501958
-0.69106265 0.72279486 -41.46375894 43.36769183
-0.70392618 0.71027314 -42.23557096 42.61638822
-0.71656287 0.69752251 -42.99377198 41.85135088
-0.72896863 0.68454711 -43.73811765 41.07282636
-0.74113947 0.67135109 -44.46836808 40.28106553
-0.75307147 0.65793873 -45.18428796 39.47632356
-0.76476078 0.64431433 -45.88564656 38.65885978
-0.77620363 0.63048229 -46.57221786 37.82893764
-0.78739634 0.61644708 -47.24378061 36.98682459
-0.79833531 0.60221320 -47.90011838 36.13279202
-0.80901699 0.58778525 -48.54101966 35.26711514
-0.81943797 0.57316788 -49.16627791 34.39007293
-0.82959486 0.55836580 -49.77569163 33.50194804
-0.83948441 0.54338378 -50.36906444 32.60302667
-0.84910342 0.52822664 -50.94620509 31.69359851
-0.85844879 0.51289928 -51.50692762 30.77395664
-0.86751752 0.49740662 -52.05105130 29.84439743
-0.87630668 0.48175367 -52.57840080 28.90522045
-0.88481344 0.46594547 -53.08880617 27.95672834
-0.89303505 0.44998711 -53.58210292 26.99922679
-0.90096887 0.43388374 -54.05813207 26.03302435
-0.90861234 0.41764054 -54.51674023 25.05843240
-0.91596299 0.40126275 -54.95777960 24.07576502
-0.92301847 0.38475565 -55.38110805 23.08533888
-0.92977649 0.36812455 -55.78658915 22.08747316
-0.93623487 0.35137482 -56.17409224 21.08248944
-0.94239154 0.33451186 -56.54349243 20.07071160
-0.94824451 0.31754109 -56.89467068 19.05246568
-0.95379190 0.30046800 -57.22751381 18.02807984
-0.95903191 0.28329807 -57.54191458 16.99788419
-0.96396286 0.26603685 -57.83777164 15.96221073
-0.96858316 0.24868989 -58.11498967 14.92139323
-0.97289132 0.23126278 -58.37347932 13.87576710
-0.97688595 0.21376115 -58.61315729 12.82566930
-0.98056577 0.19619064 -58.83394634 11.77143825
-0.98392959 0.17855689 -59.03577532 10.71341369
-0.98697632 0.16086561 -59.21857918 9.65193658
-0.98970498 0.14312248 -59.38229902 8.58734899
-0.99211470 0.12533323 -59.52688208 7.51999401
-0.99420470 0.10750359 -59.65228175 6.45021561
-0.99597429 0.08963931 -59.75845764 5.37835853
-0.99742293 0.07174614 -59.84537552 4.30476821
-0.99855012 0.05382984 -59.91300737 3.22979060
-0.99935552 0.03589620 -59.96133142 2.15377216
-0.99983887 0.01795099 -59.99033208 1.07705963
-1.00000000 0.00000000 -60.00000000 0.00000000
-0.99983887 -0.01795099 -59.99033208 -1.07705963
-0.99935552 -0.03589620 -59.96133142 -2.15377216
-0.99855012 -0.05382984 -59.91300737 -3.22979060
-0.99742293 -0.07174614 -59.84537552 -4.30476821
-0.99597429 -0.08963931 -59.75845764 -5.37835853
-0.99420470 -0.10750359 -59.65228175 -6.45021561
-0.99211470 -0.12533323 -59.52688208 -7.51999401
-0.98970498 -0.14312248 -59.38229902 -8.58734899
-0.98697632 -0.16086561 -59.21857918 -9.65193658
-0.98392959 -0.17855689 -59.03577532 -10.71341369
-0.98056577 -0.19619064 -58.83394634 -11.77143825
-0.97688595 -0.21376115 -58.61315729 -12.82566930
-0.97289132 -0.23126278 -58.37347932 -13.87576710
-0.96858316 -0.24868989 -58.11498967 -14.92139323
-0.96396286 -0.26603685 -57.83777164 -15.96221073
-0.95903191 -0.28329807 -57.54191458 -16.99788419
-0.95379190 -0.30046800 -57.22751381 -18.02807984
-0.94824451 -0.31754109 -56.89467068 -19.05246568
-0.94239154 -0.33451186 -56.54349243 -20.07071160
-0.93623487 -0.35137482 -56.17409224 -21.08248944
-0.92977649 -0.36812455 -55.78658915 -22.08747316
-0.92301847 -0.38475565 -55.38110805 -23.08533888
-0.91596299 -0.40126275 -54.95777960 -24.07576502
-0.90861234 -0.41764054 -54.51674023 -25.05843240
-0.90096887 -0.43388374 -54.05813207 -26.03302435
-0.89303505 -0.44998711 -53.58210292 -26.99922679
-0.88481344 -0.46594547 -53.08880617 -27.95672834
-0.87630668 -0.48175367 -52.57840080 -28.90522045
-0.86751752 -0.49740662 -52.05105130 -29.84439743
-0.85844879 -0.51289928 -51.50692762 -30.77395664
-0.84910342 -0.52822664 -50.94620509 -31.69359851
-0.83948441 -0.54338378 -50.36906444 -32.60302667
-0.82959486 -0.55836580 -49.77569163 -33.50194804
-0.81943797 -0.57316788 -49.16627791 -34.39007293
-0.80901699 -0.58778525 -48.54101966 -35.26711514
-0.79833531 -0.60221320 -47.90011838 -36.13279202
-0.78739634 -0.61644708 -47.24378061 -36.98682459
-0.77620363 -0.63048229 -46.57221786 -37.82893764
-0.76476078 -0.64431433 -45.88564656 -38.65885978
-0.75307147 -0.65793873 -45.18428796 -39.47632356
-0.74113947 -0.67135109 -44.46836808 -40.28106553
-0.72896863 -0.68454711 -43.73811765 -41.07282636
-0.71656287 -0.69752251 -42.99377198 -41.85135088
-0.70392618 -0.71027314 -42.23557096 -42.61638822
-0.69106265 -0.72279486 -41.46375894 -43.36769183
-0.67797641 -0.73508366 -40.67858463 -44.10501958
-0.66467168 -0.74713556 -39.88030107 -44.82813387
-0.65115276 -0.75894669 -39.06916552 -45.53680166
-0.63742399 -0.77051324 -38.24543938 -46.23079457
-0.62348980 -0.78183148 -37.40938811 -46.90988895
-0.60935469 -0.79289777 -36.56128113 -47.57386595
-0.59502320 -0.80370853 -35.70139177 -48.22251161
-0.58049995 -0.81426028 -34.82999712 -48.85561688
-0.56578963 -0.82454963 -33.94737801 -49.47297773
-0.55089698 -0.83457325 -33.05381889 -50.07439522
-0.53582679 -0.84432793 -32.14960770 -50.65967553
-0.52058393 -0.85381050 -31.23503584 -51.22863004
-0.50517330 -0.86301792 -30.31039806 -51.78107540
-0.48959987 -0.87194723 -29.37599232 -52.31683358
-0.47386866 -0.88059553 -28.43211975 -52.83573191
-0.45798474 -0.88896005 -27.47908453 -53.33760319
-0.44195323 -0.89703809 -26.51719378 -53.82228566
-0.42577929 -0.90482705 -25.54675749 -54.28962315
-0.40946814 -0.91232442 -24.56808840 -54.73946503
-0.39302503 -0.91952777 -23.58150190 -55.17166635
-0.37645527 -0.92643480 -22.58731592 -55.58608782
-0.35976418 -0.93304326 -21.58585086 -55.98259589
-0.34295716 -0.93935105 -20.57742946 -56.36106277
-0.32603961 -0.94535611 -19.56237669 -56.72136651
-0.30901699 -0.95105652 -18.54101966 -57.06339098
-0.29189479 -0.95645043 -17.51368753 -57.38702596
-0.27467852 -0.96153612 -16.48071137 -57.69216717
-0.25737373 -0.96631194 -15.44242406 -57.97871626
-0.23998600 -0.97077635 -14.39916022 -58.24658089
-0.22252093 -0.97492791 -13.35125604 -58.49567473
-0.20498415 -0.97876529 -12.29904923 -58.72591752
-0.18738131 -0.98228725 -11.24287888 -58.93723504
-0.16971809 -0.98549265 -10.18308535 -59.12955921
-0.15200017 -0.98838047 -9.12001017 -59.30282805
-0.13423327 -0.99094976 -8.05399595 -59.45698571
-0.11642310 -0.99319971 -6.98538621 -59.59198251
-0.09857542 -0.99512958 -5.91452533 -59.70777496
-0.08069597 -0.99673876 -4.84175841 -59.80432573
-0.06279052 -0.99802673 -3.76743117 -59.88160371
-0.04486483 -0.99899307 -2.69188982 -59.93958399
-0.02692468 -0.99963747 -1.61548097 -59.97824790
-0.00897586 -0.99995972 -0.53855151 -59.99758297
0.00897586 -0.99995972 0.53855151 -59.99758297
0.02692468 -0.99963747 1.61548097 -59.97824790
0.04486483 -0.99899307 2.69188982 -59.93958399
0.06279052 -0.99802673 3.76743117 -59.88160371
0.08069597 -0.99673876 4.84175841 -59.80432573
0.09857542 -0.99512958 5.91452533 -59.70777496
0.11642310 -0.99319971 6.98538621 -59.59198251
0.13423327 -0.99094976 8.05399595 -59.45698571
0.15200017 -0.98838047 9.12001017 -59.30282805
0.16971809 -0.98549265 10.18308535 -59.12955921
0.18738131 -0.98228725 11.24287888 -58.93723504
0.20498415 -0.97876529 12.29904923 -58.72591752
0.22252093 -0.97492791 13.35125604 -58.49567473
0.23998600 -0.97077635 14.39916022 -58.24658089
0.25737373 -0.96631194 15.44242406 -57.97871626
0.27467852 -0.96153612 16.48071137 -57.69216717
0.29189479 -0.95645043 17.51368753 -57.38702596
0.30901699 -0.95105652 18.54101966 -57.06339098
0.32603961 -0.94535611 19.56237669 -56.72136651
0.34295716 -0.93935105 20.57742946 -56.36106277
0.35976418 -0.93304326 21.58585086 -55.98259589
0.37645527 -0.92643480 22.58731592 -55.58608782
0.39302503 -0.91952777 23.58150190 -55.17166635
0.40946814 -0.91232442 24.56808840 -54.73946503
0.42577929 -0.90482705 25.54675749 -54.28962315
0.44195323 -0.89703809 26.51719378 -53.82228566
0.45798474 -0.88896005 27.47908453 -53.33760319
0.47386866 -0.88059553 28.43211975 -52.83573191
0.48959987 -0.87194723 29.37599232 -52.31683358
0.50517330 -0.86301792 30.31039806 -51.78107540
0.52058393 -0.85381050 31.23503584 -51.22863004
0.53582679 -0.84432793 32.14960770 -50.65967553
0.55089698 -0.83457325 33.05381889 -50.07439522
0.56578963 -0.82454963 33.94737801 -49.47297773
0.58049995 -0.81426028 34.82999712 -48.85561688
0.59502320 -0.80370853 35.70139177 -48.22251161
0.60935469 -0.79289777 36.56128113 -47.57386595
0.62348980 -0.78183148 37.40938811 -46.90988895
0.63742399 -0.77051324 38.24543938 -46.23079457
0.65115276 -0.75894669 39.06916552 -45.53680166
0.66467168 -0.74713556 39.88030107 -44.82813387
0.67797641 -0.73508366 40.67858463 -44.10501958
0.69106265 -0.72279486 41.46375894 -43.36769183
0.70392618 -0.71027314 42.23557096 -42.61638822
0.71656287 -0.69752251 42.99377198 -41.85135088
0.72896863 -0.68454711 43.73811765 -41.07282636
0.74113947 -0.67135109 44.46836808 -40.28106553
0.75307147 -0.65793873 45.18428796 -39.47632356
0.76476078 -0.64431433 45.88564656 -38.65885978
0.77620363 -0.63048229 46.57221786 -37.82893764
0.78739634 -0.61644708 47.24378061 -36.98682459
0.79833531 -0.60221320 47.90011838 -36.13279202
0.80901699 -0.58778525 48.54101966 -35.26711514
0.81943797 -0.57316788 49.16627791 -34.39007293
0.82959486 -0.55836580 49.77569163 -33.50194804
0.83948441 -0.54338378 50.36906444 -32.60302667
0.84910342 -0.52822664 50.94620509 -31.69359851
0.85844879 -0.51289928 51.50692762 -30.77395664
0.86751752 -0.49740662 52.05105130 -29.84439743
0.87630668 -0.48175367 52.57840080 -28.90522045
0.88481344 -0.46594547 53.08880617 -27.95672834
0.89303505 -0.44998711 53.58210292 -26.99922679
0.90096887 -0.43388374 54.05813207 -26.03302435
0.90861234 -0.41764054 54.51674023 -25.05843240
0.91596299 -0.40126275 54.95777960 -24.07576502
0.92301847 -0.38475565 55.38110805 -23.08533888
0.92977649 -0.36812455 55.78658915 -22.08747316
0.93623487 -0.35137482 56.17409224 -21.08248944
0.94239154 -0.33451186 56.54349243 -20.07071160
0.94824451 -0.31754109 56.89467068 -19.05246568
0.95379190 -0.30046800 57.22751381 -18.02807984
0.95903191 -0.28329807 57.54191458 -16.99788419
0.96396286 -0.26603685 57.83777164 -15.96221073
0.96858316 -0.24868989 58.11498967 -14.92139323
0.97289132 -0.23126278 58.37347932 -13.87576710
0.97688595 -0.21376115 58.61315729 -12.82566930
0.98056577 -0.19619064 58.83394634 -11.77143825
0.98392959 -0.17855689 59.03577532 -10.71341369
0.98697632 -0.16086561 59.21857918 -9.65193658
0.98970498 -0.14312248 59.38229902 -8.58734899
0.99211470 -0.12533323 59.52688208 -7.51999401
0.99420470 -0.10750359 59.65228175 -6.45021561
0.99597429 -0.08963931 59.75845764 -5.37835853
0.99742293 -0.07174614 59.84537552 -4.30476821
0.99855012 -0.05382984 59.91300737 -3.22979060
0.99935552 -0.03589620 59.96133142 -2.15377216
0.99983887 -0.01795099 59.99033208 -1.07705963
1.00000000 0.00000000 60.00000000 0.00000000
