351 351
1.00000000 0.00000000 60.00000000 0.00000000
1.00000000 0.01795389 59.99033208 1.07705963
1.00000000 0.03591935 59.96133142 2.15377216
1.00000000 0.05390800 59.91300737 3.22979060
1.00000000 0.07193151 59.84537552 4.30476821
1.00000000 0.09000163 59.75845764 5.37835853
1.00000000 0.10813024 59.65228175 6.45021561
1.00000000 0.12632938 59.52688208 7.51999401
1.00000000 0.14461126 59.38229902 8.58734899
1.00000000 0.16298832 59.21857918 9.65193658
1.00000000 0.18147324 59.03577532 10.71341369
1.00000000 0.20007902 58.83394634 11.77143825
1.00000000 0.21881895 58.61315729 12.82566930
1.00000000 0.23770670 58.37347932 13.87576710
1.00000000 0.25675636 58.11498967 14.92139323
1.00000000 0.27598246 57.83777164 15.96221073
1.00000000 0.29540005 57.54191458 16.99788419
1.00000000 0.31502469 57.22751381 18.02807984
1.00000000 0.33487259 56.89467068 19.05246568
1.00000000 0.35496059 56.54349243 20.07071160
1.00000000 0.37530628 56.17409224 21.08248944
1.00000000 0.39592801 55.78658915 22.08747316
1.00000000 0.41684502 55.38110805 23.08533888
1.00000000 0.43807747 54.95777960 24.07576502
1.00000000 0.45964657 54.51674023 25.05843240
1.00000000 0.48157462 54.05813207 26.03302435
1.00000000 0.50388517 53.58210292 26.99922679
1.00000000 0.52660307 53.08880617 27.95672834
1.00000000 0.54975465 52.57840080 28.90522045
1.00000000 0.57336781 52.05105130 29.84439743
1.00000000 0.59747219 51.50692762 30.77395664
1.00000000 0.62209930 50.94620509 31.69359851
1.00000000 0.64728275 50.36906444 32.60302667
1.00000000 0.67305841 49.77569163 33.50194804
1.00000000 0.69946464 49.16627791 34.39007293
1.00000000 0.72654253 48.54101966 35.26711514
1.00000000 0.75433617 47.90011838 36.13279202
1.00000000 0.78289299 47.24378061 36.98682459
1.00000000 0.81226404 46.57221786 37.82893764
1.00000000 0.84250441 45.88564656 38.65885978
1.00000000 0.87367369 45.18428796 39.47632356
1.00000000 0.90583638 44.46836808 40.28106553
1.00000000 0.93906251 43.73811765 41.07282636
1.00000000 0.97342822 42.99377198 41.85135088
0.99106407 1.00000000 42.23557096 42.61638822
0.95609790 1.00000000 41.46375894 43.36769183
0.92231190 1.00000000 40.67858463 44.10501958
0.88962662 1.00000000 39.88030107 44.82813387
0.85796903 1.00000000 39.06916552 45.53680166
0.82727195 1.00000000 38.24543938 46.23079457
0.79747339 1.00000000 37.40938811 46.90988895
0.76851608 1.00000000 36.56128113 47.57386595
0.74034700 1.00000000 35.70139177 48.22251161
0.71291694 1.00000000 34.82999712 48.85561688
0.68618021 1.00000000 33.94737801 49.47297773
0.66009422 1.00000000 33.05381889 50.07439522
0.63461930 1.00000000 32.14960770 50.65967553
0.60971835 1.00000000 31.23503584 51.22863004
0.58535667 1.00000000 30.31039806 51.78107540
0.56150173 1.00000000 29.37599232 52.31683358
0.53812295 1.00000000 28.43211975 52.83573191
0.51519159 1.00000000 27.47908453 53.33760319
0.49268056 1.00000000 26.51719378 53.82228566
0.47056428 1.00000000 25.54675749 54.28962315
0.44881857 1.00000000 24.56808840 54.73946503
0.42742051 1.00000000 23.58150190 55.17166635
0.40634837 1.00000000 22.58731592 55.58608782
0.38558146 1.00000000 21.58585086 55.98259589
0.36510010 1.00000000 20.57742946 56.36106277
0.34488550 1.00000000 19.56237669 56.72136651
0.32491970 1.00000000 18.54101966 57.06339098
0.30518549 1.00000000 17.51368753 57.38702596
0.28566636 1.00000000 16.48071137 57.69216717
0.26634643 1.00000000 15.44242406 57.97871626
0.24721039 1.00000000 14.39916022 58.24658089
0.22824347 1.00000000 13.35125604 58.49567473
0.20943137 1.00000000 12.29904923 58.72591752
0.19076020 1.00000000 11.24287888 58.93723504
0.17221649 1.00000000 10.18308535 59.12955921
0.15378710 1.00000000 9.12001017 59.30282805
0.13545920 1.00000000 8.05399595 59.45698571
0.11722024 1.00000000 6.98538621 59.59198251
0.09905788 1.00000000 5.91452533 59.70777496
0.08096000 1.00000000 4.84175841 59.80432573
0.06291467 1.00000000 3.76743117 59.88160371
0.04491005 1.00000000 2.69188982 59.93958399
0.02693445 1.00000000 1.61548097 59.97824790
0.00897622 1.00000000 0.53855151 59.99758297
-0.00897622 1.00000000 -0.53855151 59.99758297
-0.02693445 1.00000000 -1.61548097 59.97824790
-0.04491005 1.00000000 -2.69188982 59.93958399
-0.06291467 1.00000000 -3.76743117 59.88160371
-0.08096000 1.00000000 -4.84175841 59.80432573
-0.09905788 1.00000000 -5.91452533 59.70777496
-0.11722024 1.00000000 -6.98538621 59.59198251
-0.13545920 1.00000000 -8.05399595 59.45698571
-0.15378710 1.00000000 -9.12001017 59.30282805
-0.17221649 1.00000000 -10.18308535 59.12955921
-0.19076020 1.00000000 -11.24287888 58.93723504
-0.20943137 1.00000000 -12.29904923 58.72591752
-0.22824347 1.00000000 -13.35125604 58.49567473
-0.24721039 1.00000000 -14.39916022 58.24658089
-0.26634643 1.00000000 -15.44242406 57.97871626
-0.28566636 1.00000000 -16.48071137 57.69216717
-0.30518549 1.00000000 -17.51368753 57.38702596
-0.32491970 1.00000000 -18.54101966 57.06339098
-0.34488550 1.00000000 -19.56237669 56.72136651
-0.36510010 1.00000000 -20.57742946 56.36106277
-0.38558146 1.00000000 -21.58585086 55.98259589
-0.40634837 1.00000000 -22.58731592 55.58608782
-0.42742051 1.00000000 -23.58150190 55.17166635
-0.44881857 1.00000000 -24.56808840 54.73946503
-0.47056428 1.00000000 -25.54675749 54.28962315
-0.49268056 1.00000000 -26.51719378 53.82228566
-0.51519159 1.00000000 -27.47908453 53.33760319
-0.53812295 1.00000000 -28.43211975 52.83573191
-0.56150173 1.00000000 -29.37599232 52.31683358
-0.58535667 1.00000000 -30.31039806 51.78107540
-0.60971835 1.00000000 -31.23503584 51.22863004
-0.63461930 1.00000000 -32.14960770 50.65967553
-0.66009422 1.00000000 -33.05381889 50.07439522
-0.68618021 1.00000000 -33.94737801 49.47297773
-0.71291694 1.00000000 -34.82999712 48.85561688
-0.74034700 1.00000000 -35.70139177 48.22251161
-0.76851608 1.00000000 -36.56128113 47.57386595
-0.79747339 1.00000000 -37.40938811 46.90988895
-0.82727195 1.00000000 -38.24543938 46.23079457
-0.85796903 1.00000000 -39.06916552 45.53680166
-0.88962662 1.00000000 -39.88030107 44.82813387
-0.92231190 1.00000000 -40.67858463 44.10501958
-0.95609790 1.00000000 -41.46375894 43.36769183
-0.99106407 1.00000000 -42.23557096 42.61638822
-1.00000000 0.97342822 -42.99377198 41.85135088
-1.00000000 0.93906251 -43.73811765 41.07282636
-1.00000000 0.90583638 -44.46836808 40.28106553
-1.00000000 0.87367369 -45.18428796 39.47632356
-1.00000000 0.84250441 -45.88564656 38.65885978
-1.00000000 0.81226404 -46.57221786 37.82893764
-1.00000000 0.78289299 -47.24378061 36.98682459
-1.00000000 0.75433617 -47.90011838 36.13279202
-1.00000000 0.72654253 -48.54101966 35.26711514
-1.00000000 0.69946464 -49.16627791 34.39007293
-1.00000000 0.67305841 -49.77569163 33.50194804
-1.00000000 0.64728275 -50.36906444 32.60302667
-1.00000000 0.62209930 -50.94620509 31.69359851
-1.00000000 0.59747219 -51.50692762 30.77395664
-1.00000000 0.57336781 -52.05105130 29.84439743
-1.00000000 0.54975465 -52.57840080 28.90522045
-1.00000000 0.52660307 -53.08880617 27.95672834
-1.00000000 0.50388517 -53.58210292 26.99922679
-1.00000000 0.48157462 -54.05813207 26.03302435
-1.00000000 0.45964657 -54.51674023 25.05843240
-1.00000000 0.43807747 -54.95777960 24.07576502
-1.00000000 0.41684502 -55.38110805 23.08533888
-1.00000000 0.39592801 -55.78658915 22.08747316
-1.00000000 0.37530628 -56.17409224 21.08248944
-1.00000000 0.35496059 -56.54349243 20.07071160
-1.00000000 0.33487259 -56.89467068 19.05246568
-1.00000000 0.31502469 -57.22751381 18.02807984
-1.00000000 0.29540005 -57.54191458 16.99788419
-1.00000000 0.27598246 -57.83777164 15.96221073
-1.00000000 0.25675636 -58.11498967 14.92139323
-1.00000000 0.23770670 -58.37347932 13.87576710
-1.00000000 0.21881895 -58.61315729 12.82566930
-1.00000000 0.20007902 -58.83394634 11.77143825
-1.00000000 0.18147324 -59.03577532 10.71341369
-1.00000000 0.16298832 -59.21857918 9.65193658
-1.00000000 0.14461126 -59.38229902 8.58734899
-1.00000000 0.12632938 -59.52688208 7.51999401
-1.00000000 0.10813024 -59.65228175 6.45021561
-1.00000000 0.09000163 -59.75845764 5.37835853
-1.00000000 0.07193151 -59.84537552 4.30476821
-1.00000000 0.05390800 -59.91300737 3.22979060
-1.00000000 0.03591935 -59.96133142 2.15377216
-1.00000000 0.01795389 -59.99033208 1.07705963
-1.00000000 0.00000000 -60.00000000 0.00000000
-1.00000000 -0.01795389 -59.99033208 -1.07705963
-1.00000000 -0.03591935 -59.96133142 -2.15377216
-1.00000000 -0.05390800 -59.91300737 -3.22979060
-1.00000000 -0.07193151 -59.84537552 -4.30476821
-1.00000000 -0.09000163 -59.75845764 -5.37835853
-1.00000000 -0.10813024 -59.65228175 -6.45021561
-1.00000000 -0.12632938 -59.52688208 -7.51999401
-1.00000000 -0.14461126 -59.38229902 -8.58734899
-1.00000000 -0.16298832 -59.21857918 -9.65193658
-1.00000000 -0.18147324 -59.03577532 -10.71341369
-1.00000000 -0.20007902 -58.83394634 -11.77143825
-1.00000000 -0.21881895 -58.61315729 -12.82566930
-1.00000000 -0.23770670 -58.37347932 -13.87576710
-1.00000000 -0.25675636 -58.11498967 -14.92139323
-1.00000000 -0.27598246 -57.83777164 -15.96221073
-1.00000000 -0.29540005 -57.54191458 -16.99788419
-1.00000000 -0.31502469 -57.22751381 -18.02807984
-1.00000000 -0.33487259 -56.89467068 -19.05246568
-1.00000000 -0.35496059 -56.54349243 -20.07071160
-1.00000000 -0.37530628 -56.17409224 -21.08248944
-1.00000000 -0.39592801 -55.78658915 -22.08747316
-1.00000000 -0.41684502 -55.38110805 -23.08533888
-1.00000000 -0.43807747 -54.95777960 -24.07576502
-1.00000000 -0.45964657 -54.51674023 -25.05843240
-1.00000000 -0.48157462 -54.05813207 -26.03302435
-1.00000000 -0.50388517 -53.58210292 -26.99922679
-1.00000000 -0.52660307 -53.08880617 -27.95672834
-1.00000000 -0.54975465 -52.57840080 -28.90522045
-1.00000000 -0.57336781 -52.05105130 -29.84439743
-1.00000000 -0.59747219 -51.50692762 -30.77395664
-1.00000000 -0.62209930 -50.94620509 -31.69359851
-1.00000000 -0.64728275 -50.36906444 -32.60302667
-1.00000000 -0.67305841 -49.77569163 -33.50194804
-1.00000000 -0.69946464 -49.16627791 -34.39007293
-1.00000000 -0.72654253 -48.54101966 -35.26711514
-1.00000000 -0.75433617 -47.90011838 -36.13279202
-1.00000000 -0.78289299 -47.24378061 -36.98682459
-1.00000000 -0.81226404 -46.57221786 -37.82893764
-1.00000000 -0.84250441 -45.88564656 -38.65885978
-1.00000000 -0.87367369 -45.18428796 -39.47632356
-1.00000000 -0.90583638 -44.46836808 -40.28106553
-1.00000000 -0.93906251 -43.73811765 -41.07282636
-1.00000000 -0.97342822 -42.99377198 -41.85135088
-0.99106407 -1.00000000 -42.23557096 -42.61638822
-0.95609790 -1.00000000 -41.46375894 -43.36769183
-0.92231190 -1.00000000 -40.67858463 -44.10501958
-0.88962662 -1.00000000 -39.88030107 -44.82813387
-0.85796903 -1.00000000 -39.06916552 -45.53680166
-0.82727195 -1.00000000 -38.24543938 -46.23079457
-0.79747339 -1.00000000 -37.40938811 -46.90988895
-0.76851608 -1.00000000 -36.56128113 -47.57386595
-0.74034700 -1.00000000 -35.70139177 -48.22251161
-0.71291694 -1.00000000 -34.82999712 -48.85561688
-0.68618021 -1.00000000 -33.94737801 -49.47297773
-0.66009422 -1.00000000 -33.05381889 -50.07439522
-0.63461930 -1.00000000 -32.14960770 -50.65967553
-0.60971835 -1.00000000 -31.23503584 -51.22863004
-0.58535667 -1.00000000 -30.31039806 -51.78107540
-0.56150173 -1.00000000 -29.37599232 -52.31683358
-0.53812295 -1.00000000 -28.43211975 -52.83573191
-0.51519159 -1.00000000 -27.47908453 -53.33760319
-0.49268056 -1.00000000 -26.51719378 -53.82228566
-0.47056428 -1.00000000 -25.54675749 -54.28962315
-0.44881857 -1.00000000 -24.56808840 -54.73946503
-0.42742051 -1.00000000 -23.58150190 -55.17166635
-0.40634837 -1.00000000 -22.58731592 -55.58608782
-0.38558146 -1.00000000 -21.58585086 -55.98259589
-0.36510010 -1.00000000 -20.57742946 -56.36106277
-0.34488550 -1.00000000 -19.56237669 -56.72136651
-0.32491970 -1.00000000 -18.54101966 -57.06339098
-0.30518549 -1.00000000 -17.51368753 -57.38702596
-0.28566636 -1.00000000 -16.48071137 -57.69216717
-0.26634643 -1.00000000 -15.44242406 -57.97871626
-0.24721039 -1.00000000 -14.39916022 -58.24658089
-0.22824347 -1.00000000 -13.35125604 -58.49567473
-0.20943137 -1.00000000 -12.29904923 -58.72591752
-0.19076020 -1.00000000 -11.24287888 -58.93723504
-0.17221649 -1.00000000 -10.18308535 -59.12955921
-0.15378710 -1.00000000 -9.12001017 -59.30282805
-0.13545920 -1.00000000 -8.05399595 -59.45698571
-0.11722024 -1.00000000 -6.98538621 -59.59198251
-0.09905788 -1.00000000 -5.91452533 -59.70777496
-0.08096000 -1.00000000 -4.84175841 -59.80432573
-0.06291467 -1.00000000 -3.76743117 -59.88160371
-0.04491005 -1.00000000 -2.69188982 -59.93958399
-0.02693445 -1.00000000 -1.61548097 -59.97824790
-0.00897622 -1.00000000 -0.53855151 -59.99758297
0.00897622 -1.00000000 0.53855151 -59.99758297
0.02693445 -1.00000000 1.61548097 -59.97824790
0.04491005 -1.00000000 2.69188982 -59.93958399
0.06291467 -1.00000000 3.76743117 -59.88160371
0.08096000 -1.00000000 4.84175841 -59.80432573
0.09905788 -1.00000000 5.91452533 -59.70777496
0.11722024 -1.00000000 6.98538621 -59.59198251
0.13545920 -1.00000000 8.05399595 -59.45698571
0.15378710 -1.00000000 9.12001017 -59.30282805
0.17221649 -1.00000000 10.18308535 -59.12955921
0.19076020 -1.00000000 11.24287888 -58.93723504
0.20943137 -1.00000000 12.29904923 -58.72591752
0.22824347 -1.00000000 13.35125604 -58.49567473
0.24721039 -1.00000000 14.39916022 -58.24658089
0.26634643 -1.00000000 15.44242406 -57.97871626
0.28566636 -1.00000000 16.48071137 -57.69216717
0.30518549 -1.00000000 17.51368753 -57.38702596
0.32491970 -1.00000000 18.54101966 -57.06339098
0.34488550 -1.00000000 19.56237669 -56.72136651
0.36510010 -1.00000000 20.57742946 -56.36106277
0.38558146 -1.00000000 21.58585086 -55.98259589
0.40634837 -1.00000000 22.58731592 -55.58608782
0.42742051 -1.00000000 23.58150190 -55.17166635
0.44881857 -1.00000000 24.56808840 -54.73946503
0.47056428 -1.00000000 25.54675749 -54.28962315
0.49268056 -1.00000000 26.51719378 -53.82228566
0.51519159 -1.00000000 27.47908453 -53.33760319
0.53812295 -1.00000000 28.43211975 -52.83573191
0.56150173 -1.00000000 29.37599232 -52.31683358
0.58535667 -1.00000000 30.31039806 -51.78107540
0.60971835 -1.00000000 31.23503584 -51.22863004
0.63461930 -1.00000000 32.14960770 -50.65967553
0.66009422 -1.00000000 33.05381889 -50.07439522
0.68618021 -1.00000000 33.94737801 -49.47297773
0.71291694 -1.00000000 34.82999712 -48.85561688
0.74034700 -1.00000000 35.70139177 -48.22251161
0.76851608 -1.00000000 36.56128113 -47.57386595
0.79747339 -1.00000000 37.40938811 -46.90988895
0.82727195 -1.00000000 38.24543938 -46.23079457
0.85796903 -1.00000000 39.06916552 -45.53680166
0.88962662 -1.00000000 39.88030107 -44.82813387
0.92231190 -1.00000000 40.67858463 -44.10501958
0.95609790 -1.00000000 41.46375894 -43.36769183
0.99106407 -1.00000000 42.23557096 -42.61638822
1.00000000 -0.97342822 42.99377198 -41.85135088
1.00000000 -0.93906251 43.73811765 -41.07282636
1.00000000 -0.90583638 44.46836808 -40.28106553
1.00000000 -0.87367369 45.18428796 -39.47632356
1.00000000 -0.84250441 45.88564656 -38.65885978
1.00000000 -0.81226404 46.57221786 -37.82893764
1.00000000 -0.78289299 47.24378061 -36.98682459
1.00000000 -0.75433617 47.90011838 -36.13279202
1.00000000 -0.72654253 48.54101966 -35.26711514
1.00000000 -0.69946464 49.16627791 -34.39007293
1.00000000 -0.67305841 49.77569163 -33.50194804
1.00000000 -0.64728275 50.36906444 -32.60302667
1.00000000 -0.62209930 50.94620509 -31.69359851
1.00000000 -0.59747219 51.50692762 -30.77395664
1.00000000 -0.57336781 52.05105130 -29.84439743
1.00000000 -0.54975465 52.57840080 -28.90522045
1.00000000 -0.52660307 53.08880617 -27.95672834
1.00000000 -0.50388517 53.58210292 -26.99922679
1.00000000 -0.48157462 54.05813207 -26.03302435
1.00000000 -0.45964657 54.51674023 -25.05843240
1.00000000 -0.43807747 54.95777960 -24.07576502
1.00000000 -0.41684502 55.38110805 -23.08533888
1.00000000 -0.39592801 55.78658915 -22.08747316
1.00000000 -0.37530628 56.17409224 -21.08248944
1.00000000 -0.35496059 56.54349243 -20.07071160
1.00000000 -0.33487259 56.89467068 -19.05246568
1.00000000 -0.31502469 57.22751381 -18.02807984
1.00000000 -0.29540005 57.54191458 -16.99788419
1.00000000 -0.27598246 57.83777164 -15.96221073
1.00000000 -0.25675636 58.11498967 -14.92139323
1.00000000 -0.23770670 58.37347932 -13.87576710
1.00000000 -0.21881895 58.61315729 -12.82566930
1.00000000 -0.20007902 58.83394634 -11.77143825
1.00000000 -0.18147324 59.03577532 -10.71341369
1.00000000 -0.16298832 59.21857918 -9.65193658
1.00000000 -0.14461126 59.38229902 -8.58734899
1.00000000 -0.12632938 59.52688208 -7.51999401
1.00000000 -0.10813024 59.65228175 -6.45021561
1.00000000 -0.09000163 59.75845764 -5.37835853
1.00000000 -0.07193151 59.84537552 -4.30476821
1.00000000 -0.05390800 59.91300737 -3.22979060
1.00000000 -0.03591935 59.96133142 -2.15377216
1.00000000 -0.01795389 59.99033208 -1.07705963
1.00000000 0.00000000 60.00000000 0.00000000
